1
2
3
5
12
15
17
17
19
22
35
35
45
53
58
60
69
72
90
94
97
98
102
116
120
127
130
133
138
140
143
148
153
154
158
165
175
181
187
194
199
204
205
210
213
217
218
229
233
245
250
263
266
270
278
287
289
289
292
293
303
323
375
377
383
389
389
404
407
409
412
429
430
432
433
445
452
464
484
498
506
536
540
550
557
594
600
607
607
613
625
628
631
642
654
654
661
663
667
679
687
690
706
708
711
717
721
729
734
738
741
743
756
764
771
774
781
785
790
792
800
801
801
816
818
830
843
850
865
872
872
876
879
880
893
894
911
912
913
937
947
947
951
952
958
962
963
