287
631
429
876
594
937
289
893
498
894
218
536
756
375
270
464
958
217
263
22
245
143
12
913
721
785
865
607
963
687
154
830
17
165
204
15
35
654
947
790
433
194
642
952
5
880
3
706
229
850
484
628
663
102
158
1
205
816
729
323
377
792
708
213
127
293
181
187
661
962
764
607
679
947
389
2
138
506
540
35
98
72
133
116
45
53
19
233
557
743
289
801
872
717
140
412
409
90
148
94
738
711
879
872
800
389
625
445
654
843
781
210
130
801
667
912
452
58
60
292
404
303
17
600
266
250
432
120
69
613
97
407
175
550
278
741
818
153
734
911
383
199
774
951
430
690
771
123