287
218
631
217
270
429
876
22
263
278
289
594
756
937
12
143
245
266
289
375
498
607
721
785
893
958
5
17
35
154
229
250
323
377
464
536
607
628
687
729
764
865
880
894
947
963
3
15
19
35
102
148
165
233
293
389
433
484
506
540
600
625
654
706
743
781
830
872
879
913
947
952
962
1
17
98
127
153
158
204
292
303
389
412
432
445
557
613
642
663
690
708
738
774
790
850
872
912
951
2
72
116
138
194
205
383
409
430
452
550
654
661
679
717
734
741
771
816
843
911
45
90
120
133
140
181
199
213
404
667
711
792
818
53
94
130
175
187
210
407
801
58
97
800
60
801
69
