2
1
3
5
17
15
19
17
12
35
69
60
58
53
45
97
94
90
72
98
120
116
130
133
140
138
127
102
35
153
148
158
175
187
181
199
194
210
213
205
204
165
154
143
22
217
233
229
250
245
266
263
278
270
218
289
292
303
293
323
383
389
407
404
409
412
389
377
375
289
430
432
452
445
433
484
464
506
550
557
540
536
498
600
607
613
625
628
607
594
429
654
642
661
667
679
663
654
690
711
717
708
706
687
734
741
738
743
729
721
771
774
781
764
801
800
801
792
818
816
790
843
850
830
872
872
865
785
756
879
880
911
912
913
894
893
947
951
952
947
962
963
958
937
876
631
287
