287
218
217
22
12
5
3
1
2
17
15
17
19
143
35
35
102
98
72
45
53
58
60
69
90
94
97
127
116
120
138
133
130
140
154
148
153
165
158
204
194
181
175
187
199
205
213
210
270
263
245
229
233
250
266
278
631
429
289
289
375
323
293
292
303
377
389
389
383
412
409
404
407
594
498
464
433
432
430
445
452
484
536
506
540
557
550
607
607
600
628
625
613
876
756
721
687
654
642
654
663
661
679
667
706
690
708
717
711
729
743
738
734
741
785
764
781
774
771
865
830
790
816
792
801
800
801
818
850
843
872
872
937
893
880
879
894
913
912
911
958
947
947
952
951
963
962
